42.06759452819824
36.203837394714355
31.5744526386261
52.77228879928589
30.939523696899414
23.32149648666382
26.891584157943726
15.993124008178711
5.549928426742554
34.77864384651184
19.984832048416138
33.40995240211487
7.97610878944397
49.65764498710632
33.824984550476074
9.372645378112793
30.100870609283447
20.953550815582275
42.79159498214722
50.45714068412781
20.256457090377808
8.675026655197144
14.608085632324219
35.17961120605469
26.91993546485901
4.456578493118286
17.08894920349121
25.992748260498047
63.4116907119751
33.76957726478577
25.604743480682373
36.906213998794556
19.69395637512207
22.929104804992676
22.34019684791565
14.227381706237793
13.453516721725464
18.738358974456787
37.16558337211609
17.17291021347046
31.3043851852417
7.6350719928741455
24.847844123840332
47.390639781951904
8.89171838760376
35.31324791908264
11.333167314529419
32.578352212905884
23.708847761154175
41.69154357910156
