6.989289045333862
12.240978956222534
17.211661338806152
16.113675594329834
5.044502258300781
9.528401374816895
35.86760091781616
36.60419678688049
5.051115989685059
6.957756519317627
18.573833227157593
14.085962772369385
9.122626543045044
11.921634912490845
11.464646339416504
27.81887173652649
274.6888949871063
10.655492544174194
36.810412645339966
41.99033451080322
9.11866021156311
28.590453386306763
10.297200918197632
31.888082265853882
30.204263925552368
21.897114276885986
7.160336494445801
16.3991961479187
23.87983989715576
11.006001710891724
28.36963677406311
16.692858695983887
5.115242958068848
9.75688099861145
18.606748580932617
6.46615195274353
12.94862151145935
14.171192646026611
31.575932025909424
9.005215883255005
10.985767126083374
14.89626955986023
41.08965086936951
54.840681314468384
7.826370716094971
33.05735969543457
34.22614312171936
12.095885515213013
8.590416669845581
15.798308610916138
