2.001878261566162
2.313225507736206
1.8993234634399414
1.3255290985107422
1.6570777893066406
1.9767208099365234
1.874995231628418
1.8708446025848389
1.7217299938201904
2.055258274078369
1.1762990951538086
1.903130054473877
1.5509567260742188
1.9541935920715332
1.897658109664917
1.760681390762329
1.6260628700256348
1.8822009563446045
1.6283771991729736
1.743407964706421
1.5884342193603516
1.4065871238708496
1.57155179977417
1.7956640720367432
1.5338554382324219
1.6470081806182861
1.6562862396240234
1.5368587970733643
1.5514543056488037
2.0225844383239746
1.6595299243927002
1.3307693004608154
1.5850856304168701
1.6165645122528076
1.5523996353149414
1.1317288875579834
1.94486665725708
2.15590763092041
1.666149616241455
1.5339186191558838
1.448470115661621
1.8002057075500488
1.6367831230163574
1.8764662742614746
1.436596155166626
1.7889769077301025
1.6842803955078125
1.7977526187896729
1.6320903301239014
1.4681439399719238
