1.5652625560760498
1.239429235458374
1.375551700592041
1.0956554412841797
1.4252958297729492
1.4005980491638184
1.369377613067627
1.218566656112671
1.1115663051605225
1.213120937347412
1.111924171447754
1.1241629123687744
1.5030508041381836
1.3475701808929443
1.3480596542358398
1.170172929763794
1.40010404586792
1.3363711833953857
1.132868766784668
1.2811853885650635
1.1380641460418701
1.0362348556518555
1.1840381622314453
1.5686125755310059
1.5537679195404053
1.285158395767212
1.318997859954834
1.1625022888183594
1.2919104099273682
1.2946736812591553
1.0350871086120605
1.072542428970337
1.1306097507476807
1.225599765777588
1.4653472900390625
1.2934107780456543
1.467397928237915
1.3712661266326904
1.2132956981658936
1.1228010654449463
1.2743635177612305
1.2521276473999023
1.092104196548462
1.3931865692138672
1.3898253440856934
1.091663122177124
1.188126564025879
1.1977415084838867
1.277226448059082
1.1978371143341064
