1.2692866325378418
1.178903579711914
1.0362977981567383
1.3501052856445312
1.3514254093170166
1.3715078830718994
1.2362730503082275
1.1663899421691895
1.3797533512115479
1.2104971408843994
1.0466125011444092
1.1755776405334473
1.1918678283691406
1.1300101280212402
1.2260246276855469
1.1400163173675537
1.1151692867279053
1.2184700965881348
0.9805524349212646
1.1367833614349365
1.4846391677856445
1.4775362014770508
1.241119146347046
1.2007229328155518
1.100325107574463
1.310518503189087
1.175370693206787
1.3410165309906006
1.22774338722229
1.0080792903900146
1.1252405643463135
1.2171552181243896
1.2643702030181885
1.1932330131530762
1.2428677082061768
1.3316524028778076
1.316514253616333
1.4995737075805664
1.1653776168823242
1.36222505569458
0.9965155124664307
1.2431819438934326
1.1145894527435303
1.12180495262146
1.195357322692871
1.2860126495361328
1.0558533668518066
1.4397320747375488
1.1442186832427979
1.440277338027954
