1.2207436561584473
1.6438417434692383
1.8663504123687744
1.597740650177002
1.4013912677764893
1.3850140571594238
1.7699916362762451
2.0237174034118652
1.2721099853515625
1.4925854206085205
1.6808679103851318
1.5765821933746338
1.564415454864502
1.1465246677398682
1.42574143409729
1.7489886283874512
1.5070345401763916
2.0564496517181396
1.9436757564544678
1.3249950408935547
1.5664408206939697
1.626312494277954
1.738112449645996
1.7675557136535645
1.8718678951263428
1.5318794250488281
1.713083267211914
1.805185317993164
1.7180166244506836
1.9092693328857422
1.634805679321289
1.7657551765441895
2.0535597801208496
1.4510447978973389
1.4739034175872803
1.931286096572876
1.636911392211914
1.7672522068023682
1.3371059894561768
1.8373563289642334
1.324230670928955
1.6631202697753906
1.857010841369629
1.3119275569915771
1.3840765953063965
1.6010873317718506
1.607645034790039
1.7578740119934082
1.5840437412261963
1.5250434875488281
