1.9774765968322754
1.5019867420196533
1.413792610168457
1.566002607345581
1.5242867469787598
1.4861729145050049
1.7713310718536377
1.4657025337219238
1.6850292682647705
1.584961175918579
1.6187798976898193
1.5665984153747559
1.4468104839324951
1.423205852508545
1.7439846992492676
1.6471898555755615
1.542095422744751
1.8228034973144531
1.3187978267669678
1.5867302417755127
1.7815124988555908
1.5445144176483154
1.545949935913086
1.691089153289795
1.422104835510254
1.6772959232330322
1.7220823764801025
2.008288621902466
1.592724084854126
1.7199680805206299
1.468822956085205
1.7653348445892334
1.3011248111724854
1.7900116443634033
1.234586238861084
1.6637191772460938
1.6961901187896729
1.477562665939331
1.662410020828247
1.4130854606628418
1.3540663719177246
1.7774178981781006
1.9380409717559814
1.6980912685394287
1.576467752456665
2.1030166149139404
1.5407490730285645
1.4186341762542725
1.8825886249542236
1.687828779220581
