3.5564305782318115
50.84433722496033
24.3095760345459
2.224855422973633
2.32383131980896
1.0597646236419678
4.594084739685059
2.9083244800567627
4.494544744491577
3.1543383598327637
1.308743953704834
5.424195289611816
8.335415363311768
8.49883508682251
2.1975510120391846
2.357933521270752
2.3527727127075195
2.5104293823242188
8.477084636688232
7.917842388153076
3.7745862007141113
2.748492479324341
3.532864570617676
3.4145774841308594
2.3300817012786865
1.196563959121704
36.92642164230347
11.864764928817749
4.923222541809082
2.4849438667297363
6.075330972671509
4.8667590618133545
37.46093940734863
4.604371547698975
2.0235109329223633
2.66182017326355
21.825172901153564
4.90783953666687
2.5443150997161865
2.4853265285491943
8.9886794090271
2.537904739379883
2.5507819652557373
12.458673000335693
3.50701642036438
7.172868967056274
8.368616819381714
3.4881632328033447
35.49817967414856
5.685397386550903
