1.9216532707214355
1.5331833362579346
1.639256238937378
1.3466689586639404
1.6451280117034912
1.4510550498962402
1.5015604496002197
1.6608991622924805
1.9635050296783447
1.6599996089935303
1.6133546829223633
1.737269401550293
1.6392414569854736
1.2492456436157227
2.0320169925689697
1.5520989894866943
1.2557601928710938
1.4886195659637451
1.675363302230835
2.1076135635375977
1.632019281387329
1.535830020904541
1.6000778675079346
1.500352144241333
1.315556526184082
1.3269901275634766
1.2692244052886963
2.104336977005005
1.4711854457855225
1.9620943069458008
1.691927433013916
1.7707252502441406
1.701240062713623
1.3665759563446045
1.3661625385284424
1.555983066558838
1.6285638809204102
1.7849137783050537
1.4417650699615479
1.6190211772918701
1.6178357601165771
1.7346312999725342
1.6949830055236816
1.740553855895996
1.852177619934082
1.680729866027832
1.7962543964385986
1.5560250282287598
1.5936205387115479
1.4441475868225098
