11.042293071746826
1.8008081912994385
6.779742479324341
22.17663311958313
2.2987141609191895
1.3862049579620361
3.8727669715881348
7.07893705368042
2.1343493461608887
32.67349362373352
2.4820141792297363
1.3698160648345947
4.939521312713623
2.2679786682128906
1.4197838306427002
6.16942286491394
3.454383134841919
2.1117947101593018
13.122477769851685
3.92952823638916
2.284477710723877
2.7236168384552
2.4451494216918945
3.5930352210998535
2.765991687774658
2.464258909225464
6.0933427810668945
1.208742380142212
3.5209174156188965
2.2455105781555176
34.828694105148315
2.4326930046081543
2.223345994949341
11.851048469543457
3.0960934162139893
2.50472092628479
3.367076873779297
2.386503219604492
4.986553907394409
3.855710029602051
31.633785009384155
1.1210675239562988
2.7158634662628174
3.799065351486206
6.924922704696655
11.20688271522522
3.730729579925537
2.5097062587738037
3.2906715869903564
2.3128483295440674
